216.9
239.3
214.9
215.9
578.0
610.2
706.2
727.4
727.5
723.1
724.1
724.7
934.9
940.9
941.0
945.0
942.0
943.0
944.0
950.9
924.9
922.2
922.3
922.1
866.0
864.0
924.5
923.0
865.0
923.9
810.0
821.0
820.8
823.8
816.0
825.2
815.0
812.2
824.8
802.0
822.0
808.8
813.8
805.8
806.8
863.4
863.8
861.0
868.0
867.8
863.2
863.0
860.4
860.2
860.0
879.8
876.0
875.0
872.0
870.8
873.4
883.0
883.2
892.0
892.2
881.0
881.2
882.0
882.2
894.0
894.2
891.0
891.2
873.0
879.6
884.0
884.2
845.0
841.9
842.1
843.9
844.9
840.9
842.0
910.0
917.0
914.0
916.0
915.0
911.0
912.0
913.0
886.0
896.0
887.0
897.2
897.0
885.0
895.0
786.2
788.1
788.9
789.3
799.4
780.0
784.1
784.7
785.5
788.2
788.4
789.2
798.9