616.9
615.9
623.5
698.1
616.2
616.3
616.5
112.1
618.1
614.2
622.1
621.3
622.7
622.4
617.9
619.9
752.9
752.2
626.4
626.2
626.1
627.1
627.3
620.1
620.2
219.9
233.1
629.8
256.3
256.4
623.2
184.4
620.5
614.6
624.9
253.1
628.2
614.1
256.9
635.9
636.9
637.9
640.0
646.3
634.9
656.4
654.5
639.9
666
633.9
641
642.4
642.6
648.8
674.3
670
659.8
648.9
652.2
655.9
661.9
659.1
643.1
656.6
656.5
652.9
660.9
658.0
657.0
645.0
658.1
644.0
644.1
654.2
648.2
647.8
646.6
654.1
560.8
078.1
078.8
611.9
519.9
724.9
379.9
374.9
719.9
608.9
564.9
790.6
590.9
628.9
621.5
728.8