170.0
191.0
191.6
191.7
191.9
192.0
192.1
192.2
192.3
198.5
213.0
225.0
225.1
225.2
225.3
225.4
239.7
348.5
738.1
803.0
803.5
803.1
803.2
803.3
803.4
805.0
805.2
805.4
806.0
806.2
806.4
851.8
852.0
852.2
852.4
853.0
959.0
873.0
907.0
951.9
952.0
952.1
952.2
957.9
721.2
721.4
722.0
723.5
723.7
724.8
738.4
432.9
437.3
437.5
741.0
741.9
742.0
742.3
742.5
742.9
343.9
348.0
013.2
015.0
730.8
324.0
324.1
355.5
331.3
351.9
352.9
756.0