290.9
290.2
290.3
291.9
291.0
291.1
291.2
291.3
291.4
291.5
293.9
293.1
293.8
294.8
294.0
294.1
295.1
295.2
295.3
295.4
295.6
295.7
295.8
296.2
296.3
296.4
296.5
296.6
297.9
297.2
297.3
299.9
299.0
299.1
300.4
300.5
300.8
301.9
301.0
301.1
301.2
301.4
301.5
301.7
301.8
302.9
302.0
302.3
302.4
302.5
302.6
302.8
307.9
307.0
307.1
307.3
307.4
307.5
308.9
309.9
310.9
310.0
310.1
312.9
313.9
314.9
315.9
315.0
315.1
315.4
318.0
318.1
318.2