733.1
805.5
805.6
807.0
807.1
808.9
810.0
810.1
811.0
811.1
812.3
813.4
813.5
813.9
814.0
814.1
815.0
815.1
816.0
816.1
817.0
820.9
820.2
820.3
821.0
821.1
822.0
822.1
823.9
824.9
825.3
826.0
826.1
828.0
828.1
733.8
830.0
831.0
832.0
833.0
834.0
835.0
836.5
837.0
838.0
840.4
842.0
836.2
844.0
844.1
844.2
845.0
845.1
847.0
847.9
883.0
885.0
886.0
887.0
895.0
896.0
897.0
922.9
958.3
996.4
711.0
711.9
715.3
717.9
717.5
717.6
717.7
717.8
719.1
730.1
733.4
729.2
737.1
737.3
727.3
726.3
732.1
732.2
735.0
736.1
736.9
045.9
754.3
754.7
755.0
755.1
429.2