070.30 571.40 0.0002261292346132915 0.17282572554980288 30.434465382533702
070.32 571.40 0.00011067187976848121 0.13787963841195486 24.28048873427507
078.1 692.9 0.0001441546680460436 0.10686723951254347 5.801262731848697
078.10 692.9 0.00023848135372264747 0.10582160142299683 5.74450051634133
110.4 110.1 0.0005151998962857038 0.26669937505529595 62.5098856582423
692.9 110.1 0.00029306373665493365 0.15170794089969517 8.235429563646633
110.4 110.3 0.00014935964905438858 0.12787325742258168 29.971358945161644
110.3 692.9 0.00015131734340379592 0.12954932425242097 7.032554318328206
110.4 692.9 0.0006042439146702561 0.141624696375442 7.688063027919832
110.5 692.9 0.00015077353941784943 0.11743350194835055 6.374849780259221
692.9 110.9 0.0001716400752214533 0.12615627069867302 6.848363211509036
111.0 706.1 0.00010504739282812037 0.10710325380984063 14.406068418752053
616.10 112.1 0.00030251038875366124 0.11772317217694149 15.94185990660534
616.9 112.1 0.00030358245946881287 0.11814037294120491 18.95872955921799
698.1 112.1 0.00031674251592871794 0.12326166348223572 76.98865964237775
133.0 692.9 0.00011808315123409479 0.19689119170984457 10.688191609567413
220.0 626.4 0.00013413313744788688 0.10276524575333008 17.859968244507005
250.0 401.9 0.00011940381805710769 0.10180560891279294 5.179100207188903
250.00 272.0 0.0003188711201022799 0.1476113756347368 12.50826640168908
250.00 272.1 0.00010453466335565654 0.1796816579425275 15.225832259728698
272.2 250.00 0.0007153197631140118 0.19649259082217974 16.650354089536243
272.4 250.00 0.0013523317522517292 0.11459364664742686 16.72295964893605
250.00 401.1 0.0003523539083798423 0.11379568160492154 9.642798156683448
250.00 401.9 0.002425723134226392 0.20555049398580186 10.456856133551144
250.00 402.10 0.0001568019950334848 0.10922432546511252 9.255431396040155
250.00 402.90 0.0004414445385346185 0.10723573215977414 9.086922331472271
250.02 401.9 0.00010075910996751378 0.18774245845637197 9.550917831280373
272.2 250.40 0.00010139613749390823 0.1190311166234998 32.6968912364311
401.9 250.40 0.0001779637387151739 0.20891547805785576 10.62804109959452
250.60 401.9 0.00012933212511481644 0.16998856396013723 8.647733815725559
250.90 401.9 0.00026352741158966865 0.17986595686016674 9.150220939581864
401.9 272.0 0.0003537833360000445 0.1637728900844398 8.331527290356032
272.2 401.9 0.0006074135150454871 0.1668516115815351 8.488149379391832
274.9 272.4 0.0004912259091338343 0.1336879627554537 19.509444651730337
272.4 401.9 0.001401740228689153 0.20455972881970816 10.406453487451488
272.4 571.40 0.0005935698192889636 0.10452714756323121 15.253928311544403
272.4 790.6 0.00010273234157366247 0.18650043719854456 27.216511360145503
794.8 272.4 0.00011474264103470921 0.14064791361151846 20.525129035024744
274.9 401.9 0.0004724258284768271 0.12857148897843892 6.540745960050375
558.9 276.5 0.00031635408451018474 0.40188299384178117 18.398494425705955
300.00 307.42 0.0001493285745409059 0.14350344909965063 23.99176718118064
307.42 300.4 0.00012196746541942684 0.11720966345148864 62.44334972864739
721.0 353.2 0.00011328213890102435 0.183805178107747 85.14011363468501
366.10 362.01 0.00013932258119949052 0.30213282118669765 64.65219471423352
366.10 362.50 0.0001305284938838987 0.26712241653418123 57.16045816694888
366.10 372.10 0.0011039065542146316 0.23622055097847552 23.104486577370675
366.10 372.20 0.00013935365571297317 0.12028915533381615 25.740195527605156
366.10 372.30 0.000516769159216578 0.11058136674047625 13.678509012653844
366.10 374.05 0.00022945420755593577 0.1328547396072293 28.42905467886173
375.15 366.10 0.00035877079541401087 0.11128246401187476 23.812889653354148
379.24 366.10 0.00012165672028460028 0.11849632252792154 25.35655440181982
366.10 V4310 0.00023963111072150577 0.14354187219626602 30.715951462764178
366.16 372.10 0.00010994162870163877 0.19143467792116442 18.724026881453877
372.10 366.19 0.00014457417397805946 0.27050204947818246 26.457524315441162
366.9 372.10 0.0001006658864270658 0.13225687923573118 12.935907897976767
367.20 367.1 0.00032016071241181015 0.3855336027540787 92.37808421257012
367.1 367.21 0.00011357734677910959 0.4119934622104492 98.71815705616223
368.13 367.1 0.00044346438191099124 0.10625893495353825 21.188192875026616
367.1 372.14 0.0007221250815667136 0.1730290981653562 22.640848630164573
367.20 372.14 0.00011193039756452879 0.1347852117946415 17.636638057899507
368.13 367.4 0.00010745566762302625 0.15011938354677665 29.934032881658265
367.4 372.10 0.0001441080562758196 0.20132407206425004 19.691298244130827
368.13 372.10 0.0008589617016875916 0.17127826676952534 16.752549256107702
368.13 372.30 0.0005482787158879917 0.10932760794738099 13.523423653731705
368.13 375.15 0.0003813775039726435 0.11829454599781204 23.58811198099524
379.24 368.13 0.0001824073941431938 0.17766881564211992 35.42743144704775
372.10 370.20 0.0001024837454658012 0.13515562567874925 13.219431274780739
375.15 370.21 0.00021453844108426063 0.10286514593918082 31.906406673496196
372.10 372.54 0.00019455752891491248 0.20438742532562923 19.990921642755993
372.72 372.10 0.00019646861149409585 0.11625127559228852 11.37041644090057
372.10 373.00 0.00019744745866879954 0.11656362935921191 11.400967438201098
372.10 374.05 0.00032261559897694 0.1867954911433172 18.270272844412226
375.15 372.10 0.0006927285918121206 0.21486850539038746 21.016065190467977
379.24 372.10 0.00016135441125869398 0.15716274705650898 15.371924943823736
372.10 930.1 0.00026551618045255864 0.10831727600020283 10.594400186934116
372.10 V4310 0.00035841343850896034 0.21469389274612363 20.998986509214706
372.14 372.54 0.00010599516548934139 0.11135050435804525 14.57020779044753
372.14 373.00 0.00022665750134249666 0.1338078552952615 17.508751010028387
372.14 374.05 0.00018048077430726908 0.10449896094783148 13.673683686245093
375.15 372.14 0.00036018468577747175 0.11172102034226672 14.618689788000323
372.54 372.30 0.00013175593716646366 0.1384128227728267 17.1211579271607
374.05 372.30 0.00020349145154117623 0.11782221862377315 14.574175802316654
930.1 372.30 0.0003254589169606031 0.13277090411236753 16.42327330590377
V4310 372.30 0.00018181697838702332 0.10891052249502076 13.471831714806354
380.10 380.4 0.0005840920926767533 0.15057799069126565 37.2614851864132
380.4 380.15 0.00020313409463612567 0.31319471061709464 77.50203078515891
380.22 380.4 0.00021764589243252627 0.16724572274556157 41.386021901115676
380.4 461.9 0.00047362219724590937 0.11720083662703967 3.7981307328273517
381.4 461.9 0.00013724058879615252 0.3332956003320504 10.801119677717761
461.9 381.81 0.00015798282654582577 0.15792498252698609 5.117879247959076
382.00 461.9 0.0001760526561359905 0.18396272364191316 5.961685039693421
382.00 466.0 0.00013063725468108803 0.1365068026106439 3.225592643549773
382.9 461.9 0.00045378112038723317 0.13172291552973756 4.268748142841259
382.9 466.0 0.0004166781512889413 0.12095272028612278 2.858056868308995
388.30 389.10 0.00014903336666282068 0.33749692129059494 141.8621015345741
389.9 388.30 0.00016991543972316587 0.24623975502116546 103.50343047598842
413.9 401.9 0.00026341865079247933 0.17376242697550479 8.839719453192107
414.0 401.9 0.00015683306954696746 0.18270344627859833 9.29457096304161
414.00 401.9 0.0001781346485393285 0.26558409970117447 13.510912419046361
414.9 401.9 0.0006636117726788713 0.2283595496006074 11.617208553442012
427.9 401.9 0.00027345571864737737 0.12158222688901477 6.1851851110755245
428.0 401.9 0.00012906799175021387 0.1307221426660582 6.650154970792423
436.0 401.9 0.00011407453899483209 0.19734967610138968 10.03966047942309
437.9 401.9 0.00010133398846694291 0.19156435410914646 9.745347006436079
438.9 401.9 0.00010790624806852477 0.21284094391664113 10.827739144325664
585.0 401.9 0.00027783722504843195 0.11657181598315504 5.930293259459884
424.0 427.9 0.00011926398274643573 0.10420569628845265 46.331306113981405
455.6 564.0 0.00021405678612527944 0.11193532661683457 9.356790830690622
463.0 461.0 0.0002686236318008243 0.12028804007514089 4.0813914375085485
461.0 466.0 0.0003173640061983711 0.1421136853823141 3.3580806915859602
461.8 463.0 0.00029884359616270777 0.14524776849768165 4.928278807214304
461.8 466.0 0.0003444299074417649 0.1674042077600399 3.9556840444811545
462.0 461.9 0.0024621890757982896 0.11246847979832748 3.644769115051235
463.0 461.9 0.0036570041192064326 0.11851263297236249 4.021151605328681
464.0 461.9 0.0010587086743541077 0.118281156426569 3.8331406862539774
461.9 464.10 0.0009765476607059638 0.12675096295400004 4.107621939108069
461.9 464.20 0.0006060462364522501 0.16246542934257438 5.265021632666894
465.0 461.9 0.001696419840045185 0.10125089140734325 3.281240419845873
461.9 466.0 0.007126038506356276 0.23093372567323905 5.456857185379998
466.1 461.9 0.00045135730833558595 0.12171413727511166 3.9443933909385898
466.19 461.9 0.000668987663511371 0.20532469885837998 6.653963157483238
461.9 478.5 0.00025370786532914914 0.120054700653614 3.890615982750402
485.0 461.9 0.0003359465652609997 0.11486034231803066 3.7222822694469824
784.7 461.9 0.00032954521548357244 0.1689380241977236 5.4747791919812
462.0 466.0 0.0029300314135364248 0.13383869747490626 3.162546552560446
463.0 466.0 0.004816580664325243 0.16342731221795792 3.861711841196208
463.0 466.19 0.00036554503935323 0.11219253988993905 3.8067098888060187
463.0 478.1 0.0004118926762126122 0.11432834791008988 3.87917817875538
465.0 466.0 0.00183790209993172 0.10969526619811173 2.592048432121681
465.9 558.9 0.002971873245940822 0.136054508867507 2.510975281966532
465.9 780.6 0.0016268595416142582 0.14589995582885004 2.6926794692487
465.9 787.0 0.0001866490652335764 0.11130052903189942 2.0541243329249377
472.0 466.0 0.0007574101916262701 0.11267410307734269 2.6624369705697486
477.9 466.0 0.002326238079311667 0.11648660466288752 2.7525246206550813
466.0 478.0 0.00012509045402443384 0.10437409251192699 2.4663115577025754
466.0 478.1 0.0004802410686177152 0.1332996946643896 3.1498101653093715
466.0 478.5 0.0002589905326212008 0.12255446170586637 2.89590527763062
493.00 466.0 0.00013585777294617432 0.1297406374265535 3.0657112880022743
493.90 466.0 0.0009155794652529918 0.1523600711537666 3.6001980508331775
786.1 466.0 0.00012229374781099473 0.19200370785968676 4.536958860379859
470.0 472.0 0.00019590927025140803 0.24298074884859228 36.146381768104305
470.0 477.9 0.0002781168956697759 0.3449405507486559 17.272932605052574
470.0 478.0 0.0001389807615511813 0.17237392326518028 143.82689673513767
473.9 477.9 0.000306285942141804 0.1827850307840665 9.152978712109112
477.9 478.0 0.00022939205852897044 0.19140219871395975 9.584484258721181
477.9 491.9 0.00024261426401584078 0.11381361244333008 5.699228035104753
477.9 493.00 0.00023730052221030654 0.22661582289750135 11.347810014367592
493.9 477.9 0.00013428851001530016 0.2879944020525807 14.42134850915618
493.90 477.9 0.0014625064398044879 0.24337328837959707 12.186941775697228
493.91 477.9 0.00010002885890067134 0.2083764888658726 10.434473537094654
477.9 493.92 0.00011530198227739702 0.21188328003654636 10.61007645597321
477.9 784.7 0.00024258318950235813 0.12435782045257229 6.227230306574443
786.2 478.1 0.0004293099410196412 0.1191628284082872 7.4662362140943825
521.0 520.6 0.00021416554692246876 0.14192020592020593 5.454747146073096
521.2 521.0 0.0003701129928351805 0.21427736149466128 8.23581686978559
521.0 522.0 0.001433451769698204 0.14707457747085098 5.652857015794462
522.6 521.0 0.000127560877846305 0.10005849948812948 3.845779471529945
523.0 521.0 0.0005052405147145123 0.1255972221685779 4.827368201283151
523.1 521.0 0.00271216799950952 0.1042430185262929 10.26086281118246
521.0 523.3 0.000893205815545479 0.12611580944859432 4.847300264285158
523.4 521.0 0.0016580583531508454 0.23426352368868186 9.003991214530293
523.5 521.0 0.003541950733036897 0.13613597533410687 9.776500999646231
524.3 521.0 0.00015232726509198228 0.11375001450301084 4.372017098995281
525.3 521.0 0.000782114429844982 0.14289566839166437 5.492239348806236
522.1 522.0 0.0002658269255873852 0.13994519651547993 14.358613998518269
523.1 523.5 0.0015852196935474984 0.15603655794918223 11.205646127172876
523.1 523.6 0.00011345304872517896 0.17541920914812856 17.266887173466426
691.0 558.9 0.00013823497322759754 0.13210881121373208 6.048037025571188
558.9 787.0 0.00019227355217393724 0.11465446156411849 5.248964261474167
787.01 558.9 0.0002648636156694229 0.1165359821166112 5.33510163460849
787.91 558.9 0.00012307061064806114 0.1320122662577914 6.043617127588632
592.0 591.0 0.00013245511371982343 0.1596621343222085 87.30073862814977
592.1 591.0 0.00031989657904720755 0.3856051241712552 274.78570899011333
592.1 592.0 0.00021977449660608826 0.12016923089993119 85.6336838951575
599.7 592.1 0.00015677092052000216 0.11171637990212362 53.832753231049935
788.0 592.1 0.00012916121529066182 0.20544695153597112 146.40336110418733
599.0 592.9 0.00013071494096479467 0.1044561155188041 11.920389209699799
599.7 599.0 0.0003656538001504193 0.17619753530089993 20.107422032159
788.1 599.0 0.00011399685271112545 0.1791041132674234 20.43911673913918
788.41 599.0 0.00023744035752097848 0.1663039219953859 18.978376397001707
607.1 605.0 0.00012058464956944863 0.26863966770508824 413.5381988439519
616.10 614.9 0.0004330078081240773 0.14369834124811154 19.459370509875416
616.9 614.9 0.00047338913839478945 0.15709932402122292 25.210717758074033
616.9 615.9 0.0001176014962751136 0.1329620911358606 21.337264008193056
616.10 616.0 0.00019507025838737632 0.10799814196745001 14.62491383455934
622.0 616.10 0.00018730163001671218 0.15474173341548572 20.95484678332624
698.1 616.10 0.00031961690842586366 0.19963122907467612 27.033701420384272
616.9 622.0 0.00020816816582031603 0.17198089956869994 27.598857893369686
616.9 698.1 0.00033053959991501743 0.20645349119316805 33.13089174041798
V7240 626.0 0.00012877278387212862 0.13231162196679438 35.23074652753176
V7240 626.4 0.00018136639794152478 0.18635057471264369 32.386584806134195
626.6 789.00 0.00013369809425912968 0.10046936297403326 8.598951679497524
733.00 627.2 0.00027603490326643786 0.14734519879907773 43.173827634072204
690.10 692.9 0.00019081305004025237 0.18611523656533202 10.103221442235672
690.10 706.1 0.0001340865256776629 0.1307853180977783 17.59145659598751
692.9 698.3 0.00027238364793222573 0.1512832018777722 8.21237270665395
692.9 698.9 0.00034211485618730695 0.1082456235221245 5.8760879806474176
701.1 692.9 0.00011541074307458633 0.22796464522465013 12.375006658290703
692.9 704.8 0.0002363993613193095 0.12322232660598012 6.689094752812962
705.81 692.9 0.0002411382246254146 0.11803807336309638 6.407668796012823
706.1 692.9 0.0009620980119365286 0.12940829799728737 7.024898741541059
706.3 692.9 0.00011727521388354571 0.15389320447733806 8.354056078283593
692.9 708.8 0.00013461479240686806 0.14400398903016706 7.817222364953121
695.3 706.1 0.000132719247084426 0.3391297443226934 45.61510622469744
701.4 706.1 0.000201114251259753 0.2810125483044592 37.79797394941469
706.1 704.8 0.00021657382171737463 0.11288833457514011 15.184198553443194
706.2 706.1 0.0001154573548448103 0.1646904988807872 22.151918923092886
706.3 706.1 0.00011098262490330777 0.14563581870450792 19.5889433219567
721.3 715.16 0.00017415711081354848 0.10175661567790839 24.217551510043712
721.3 721.0 0.0002633409645087727 0.12198176283043174 29.03103257661957
721.3 724.3 0.0004421903268582023 0.10523902496745949 27.257095500789934
724.3 722.10 0.0002204115241324827 0.16644374046697172 43.10922617175272
805.4 733.00 0.00010004439615741267 0.2092622684432889 111.70250638616015
780.4 784.0 0.0017935898437054518 0.11152007666655073 6.1832716193276855
780.4 787.01 0.00023587109459010432 0.10377971165086375 6.452713501001229
786.2 784.1 0.0008172597045938665 0.19236395552954944 12.05270762909552
786.50 786.09 0.0001012718394399776 0.10524616105020103 26.636805869464634
786.2 786.4 0.00016728964333388138 0.3707006369426752 23.226525898211836
789.0 787.0 0.00023136529013511914 0.13796521916374047 14.278195348754087
787.01 789.00 0.0002627039369823782 0.1155857561815957 9.892730508310335
884.0 894.0 0.000289956285306668 0.19688561601924334 102.96866701244826
916.0 913.0 0.00032993364690210564 0.40174432903872714 257.4843698464035
914.0 916.0 0.00011788116689645752 0.2739285843232119 175.56521354301552