789.0
706.1
540.9
466.0
293.0
372.0
558.9
580.9
410.9
577.0
590.1
584.9
461.9
463
042
303.0
535.3
571.2
571.3
477.9
285.9
285.1
281.2
280.9
281.1
413.9
720.0
783.0
300.0
308.0
427.9
716.1
716.9
127.0
493.9
440.9
691.8
427.3
724.5
707.0
136.1
386.1
600.0
217
494.0
170.9
174.9
180.9
153.9
150.9
159.9
162.9
145.9
183.0
157.9
185
154.1
151.9
193
199.1
112.9
112.0
354.0
682.9
431
434.9
436
438.9
616.0
786.5
052.9
575.1
491.9
582.9
571.4
496
585
472.0
473.9
346.2
460
428.0
564.0
692.9
780.3
414.0
729.8
255.0
595.0
453.8
290.1
290.0
311
694.0
710.3
250.0
691.0
780.4
305.9
304.9
693.0
977.9
292.9
292.0
532.9
626.8
625.3
786.0
782.3
276.9
790.4
492.8
345.9
035
695.1
695.2
456.1
351.0
571.8
780.6
729.0
726.0
596.5
536.9
680.9
781.2
574.2
785.4
531.9
535.5
578.9
523.9
240.9
098.0
274.0
274.1
784.0
389.9
429.9
428.9
785.2
599.7
342.9
283.9
786.3
455.6
070.3
070.5
155.0
789.1
722.2
054.9
053.9
553.3
245.2
591
272.4
401.9
405.9
402.9
403.9
242.9
300.7
244.9
300.1
684
607.8
302.7
009.2
487.1
550.9
780.5
564.1
414.9
782.4
719.4
719.5
719.0
714.3
701.4
214.1
572.0
571.5
724.2
289.3
785.6
202.8
780.7
172.9
263.9
296.8
782.2
055.9
386.0
047.9
320.9
627.2
626.9
319
346.9
729.1
787.0
583.9
581.9
355.8
354.9
300.9
278.0
300.3
412
528.9
294.9
715.9
733.0
380.1
382.4
785.1
332.0
681.0
681.1
427.0
614.9
533.9
444.2
356.9
443.9
462
451.9
111.0
728.7
505
486
710.4
458.0
791.0
698.9
696.1
306.9
287.2
723.4
724.4
443.0
530.1
555.9
592.0
390
398.9
714.0
056.9
003.0
133.0
034.1
295.9
724.3
782.0
038.9
004.0
686.9
782.1
709.8
723.0
724.0
721.9
721.0
848.9
625.6
780.2
097.9
710.0
710.1
785.0
427.2
726.9
307.8
282.4
287.5
110.5
110.3
110.1
110.4
388.3
435.9
131.0
350.1
010.9
011.9
002.0
707.1
465.9
597.8
599.0
788.3
592.9
708.9
218.9
616.1
454.9
447.6
386.9
079.9
368.9
266.9
267
783.1
783.2
478.5
382.9
472.1
111.8
787.7
794.8
574.1
577.1
530.9
553.9
787.9
070.9
729.4
722.9
727.0
306.2
424.9
331.0
437.0
349.9
596.8
788.6
788.0
250.4
583.8
357.2
250.6
246.9
783.4
274.9
259.8
289.8
782.7
611.7
611.0
627.9
625.4
366.9
373.2
372.1
375.1
375.2
368.1
365.9
367.9
362.1
372.5
690.1
681.9
704.8
704.0
705.8
078.1
709.0
759.9
780.9
521.0
127.4
074.3
054.2
296.9
303.9
919.0
850.9
949.0
829.0
829.1
998.5
938
171.9
216.9
239.3
214.9
215.9
578.0
610.2
706.2
727.4
727.5
723.1
724.1
724.7
934.9
940.9
941.0
945.0
942.0
943.0
944.0
950.9
924.9
922.2
922.3
922.1
866.0
864.0
924.5
923.0
865.0
923.9
810.0
821.0
820.8
823.8
816.0
825.2
815.0
812.2
824.8
802.0
822.0
808.8
813.8
805.8
806.8
863.4
863.8
861.0
868.0
867.8
863.2
863.0
860.4
860.2
860.0
879.8
876.0
875.0
872.0
870.8
873.4
883.0
883.2
892.0
892.2
881.0
881.2
882.0
882.2
894.0
894.2
891.0
891.2
873.0
879.6
884.0
884.2
845.0
841.9
842.1
843.9
844.9
840.9
842.0
910.0
917.0
914.0
916.0
915.0
911.0
912.0
913.0
886.0
896.0
887.0
897.2
897.0
885.0
895.0
786.2
788.1
788.9
789.3
799.4
780.0
784.1
784.7
785.5
788.2
788.4
789.2
798.9
995.3
789.5
458.9
518.4
584.5
596.4
188.9
594.1
437.9
582.2
582.1
582.4
582.8
590.0
996.8
593.2
753.1
595.9
250.5
362.0
996.6
996.5
572.4
276.0
276.7
276.8
276.1
189.0
203.0
277.3
581.8
581.1
581.2
581.3
581.0
599.6
567.9
272.0
272.1
590.2
593.8
998.1
588.0
189.1
588.8
016.0
592.1
996.1
593.7
701.2
702.0
995.1
528.5
528.2
607.1
173.9
232.9
694.9
692.8
757.9
698.4
300.2
709.9
110.9
709.4
686.1
053.2
780.8
703.0
919.4
695.8
757.3
698.3
695.4
705.1
078.0
701.0
703.9
216.4
173.4
216.3
173.3
222.1
187.4
222.4
187.7
729.3
132.2
694.4
694.5
991.5
696.5
696.3
053.1
698.2
646.9
686.0
695.3
702.1
709.3
692.7
091.3
695.0
708.8
057.9
074.0
464.0
464.3
464.4
466.1
141.9
142.9
147.9
148.9
161.9
196.0
210.2
380.4
381.4
381.8
384.0
384.1
384.2
872.6
385.3
386.2
386.3
388.0
388.2
388.7
471.9
474.0
478.1
802.0
802.4
478.3
478.4
527.2
527.5
528.4
528.6
529.0
744.4
750.0
759.2
781.1
784.2
784.4
784.5
787.2
933.0
933.1
934.0
934.1
935.1
682.1
315.3
781.0
357.0
335.2
747.8
348.1
290.4
435.0
348.2
333.8
239.6
353.0
334.3
331.9
721.1
117.5
321.0
298.9
275.1
323.9
348.3
333.1
333.9
351.8
333.4
331.4
437.2
357.9
355.3
354.3
355.0
354.2
721.3
322.9
355.1
354.5
352.6
358.0
333.2
353.5
355.9
377.3
344.9
310.2
198.3
332.1
334.9
435.2
432.1
307.2
013.0
435.1
170.0
191.0
191.6
191.7
191.9
192.0
192.1
192.2
192.3
198.5
213.0
225.0
225.1
225.2
225.3
225.4
239.7
348.5
738.1
803.0
803.5
803.1
803.2
803.3
803.4
805.0
805.2
805.4
806.0
806.2
806.4
851.8
852.0
852.2
852.4
853.0
959.0
873.0
907.0
951.9
952.0
952.1
952.2
957.9
721.2
721.4
722.0
723.5
723.7
724.8
738.4
432.9
437.3
437.5
741.0
741.9
742.0
742.3
742.5
742.9
343.9
348.0
013.2
015.0
730.8
324.0
324.1
355.5
331.3
351.9
352.9
756.0
733.1
805.5
805.6
807.0
807.1
808.9
810.0
810.1
811.0
811.1
812.3
813.4
813.5
813.9
814.0
814.1
815.0
815.1
816.0
816.1
817.0
820.9
820.2
820.3
821.0
821.1
822.0
822.1
823.9
824.9
825.3
826.0
826.1
828.0
828.1
733.8
830.0
831.0
832.0
833.0
834.0
835.0
836.5
837.0
838.0
840.4
842.0
836.2
844.0
844.1
844.2
845.0
845.1
847.0
847.9
883.0
885.0
886.0
887.0
895.0
896.0
897.0
922.9
958.3
996.4
711.0
711.9
715.3
717.9
717.5
717.6
717.7
717.8
719.1
730.1
733.4
729.2
737.1
737.3
727.3
726.3
732.1
732.2
735.0
736.1
736.9
045.9
754.3
754.7
755.0
755.1
429.2
616.9
615.9
623.5
698.1
616.2
616.3
616.5
112.1
618.1
614.2
622.1
621.3
622.7
622.4
617.9
619.9
752.9
752.2
626.4
626.2
626.1
627.1
627.3
620.1
620.2
219.9
233.1
629.8
256.3
256.4
623.2
184.4
620.5
614.6
624.9
253.1
628.2
614.1
256.9
635.9
636.9
637.9
640.0
646.3
634.9
656.4
654.5
639.9
666
633.9
641
642.4
642.6
648.8
674.3
670
659.8
648.9
652.2
655.9
661.9
659.1
643.1
656.6
656.5
652.9
660.9
658.0
657.0
645.0
658.1
644.0
644.1
654.2
648.2
647.8
646.6
654.1
560.8
078.1
078.8
611.9
519.9
724.9
379.9
374.9
719.9
608.9
564.9
790.6
590.9
628.9
621.5
728.8
369.9
366.1
366.3
366.2
743.3
379.3
366.5
362.5
372.7
372.4
930.1
379.0
371.2
918.1
371.4
077.1
370.5
370.2
930.0
054.4
370.0
370.3
710.2
373.1
374.0
373.0
373.3
374.3
374.2
374.1
365.2
365.0
365.1
365.3
365.6
365.5
360.4
375.5
375.3
377.0
377.1
950.0
242.0
802.6
376.0
379.2
361.3
361.0
361.8
362.3
362.4
362.8
364.0
363.2
360.1
360.0
378.1
378.0
378.9
378.4
378.3
368.2
378.5
378.7
921.3
870.0
871.0
216.1
290.9
290.2
290.3
291.9
291.0
291.1
291.2
291.3
291.4
291.5
293.9
293.1
293.8
294.8
294.0
294.1
295.1
295.2
295.3
295.4
295.6
295.7
295.8
296.2
296.3
296.4
296.5
296.6
297.9
297.2
297.3
299.9
299.0
299.1
300.4
300.5
300.8
301.9
301.0
301.1
301.2
301.4
301.5
301.7
301.8
302.9
302.0
302.3
302.4
302.5
302.6
302.8
307.9
307.0
307.1
307.3
307.4
307.5
308.9
309.9
310.9
310.0
310.1
312.9
313.9
314.9
315.9
315.0
315.1
315.4
318.0
318.1
318.2
