789.0
706.1
540.9
466.0
293.0
372.0
558.9
580.9
410.9
577.0
590.1
584.9
461.9
463
042
303.0
535.3
571.2
571.3
477.9
285.9
285.1
281.2
280.9
281.1
413.9
720.0
783.0
300.0
308.0
427.9
716.1
716.9
127.0
493.9
440.9
691.8
427.3
724.5
707.0
136.1
386.1
600.0
217
494.0
170.9
174.9
180.9
153.9
150.9
159.9
162.9
145.9
183.0
157.9
185
154.1
151.9
193
199.1
112.9
112.0
354.0
682.9
431
434.9
436
438.9
616.0
786.5
052.9
575.1
491.9
582.9
571.4
496
585
472.0
473.9
346.2
460
428.0
564.0
692.9
780.3
414.0
729.8
255.0
595.0
453.8
290.1
290.0
311
694.0
710.3
250.0
691.0
780.4
305.9
304.9
693.0
977.9
292.9
292.0
532.9
626.8
625.3
786.0
782.3
276.9
790.4
492.8
345.9
035
695.1
695.2
456.1
351.0
571.8
780.6
729.0
726.0
596.5
536.9
680.9
781.2
574.2
785.4
531.9
535.5
578.9
523.9
240.9
098.0
274.0
274.1
784.0
389.9
429.9
428.9
785.2
599.7
342.9
283.9
786.3
455.6
070.3
070.5
155.0
789.1
722.2
054.9
053.9
553.3
245.2
591
272.4
401.9
405.9
402.9
403.9
242.9
300.7
244.9
300.1
684
607.8
302.7
009.2
487.1
550.9
780.5
564.1
414.9
782.4
719.4
719.5
719.0
714.3
701.4
214.1
572.0
571.5
724.2
289.3
785.6
202.8
780.7
172.9
263.9
296.8
782.2
055.9
386.0
047.9
320.9
627.2
626.9
319
346.9
729.1
787.0
583.9
581.9
355.8
354.9
300.9
278.0
300.3
412
528.9
294.9
715.9
733.0
380.1
382.4
785.1
332.0
681.0
681.1
427.0
614.9
533.9
444.2
356.9
443.9
462
451.9
111.0
728.7
505
486
710.4
458.0
791.0
698.9
696.1
306.9
287.2
723.4
724.4
443.0
530.1
555.9
592.0
390
398.9
714.0
056.9
003.0
133.0
034.1
295.9
724.3
782.0
038.9
004.0
686.9
782.1
709.8
723.0
724.0
721.9
721.0
848.9
625.6
780.2
097.9
710.0
710.1
785.0
427.2
726.9
307.8
282.4
287.5
110.5
110.3
110.1
110.4
388.3
435.9
131.0
350.1
010.9
011.9
002.0
707.1
465.9
597.8
599.0
788.3
592.9
708.9
218.9
616.1
454.9
447.6
386.9
079.9
368.9
266.9
267
783.1
783.2